5.028300000000000087e-04 2.023000000000000000e+03
5.198699999999999675e-04 2.088341849399999774e+03
5.374899999999999513e-04 2.155765932199999952e+03
5.557099999999999497e-04 2.225336025000000063e+03
5.745499999999999522e-04 2.297114907799999855e+03
5.940200000000000081e-04 2.371126346800000192e+03
6.141599999999999880e-04 2.447507010899999841e+03
6.349700000000000006e-04 2.526240546600000016e+03
6.564900000000000249e-04 2.607460912900000039e+03
6.787499999999999914e-04 2.691262451500000225e+03
7.017500000000000083e-04 2.777625270399999863e+03
7.255399999999999957e-04 2.866715861399999994e+03
7.501300000000000025e-04 2.958548834400000032e+03
7.755600000000000081e-04 3.053249212199999874e+03
8.018399999999999530e-04 3.150828276300000198e+03
8.290199999999999739e-04 3.251443864899999880e+03
8.571199999999999522e-04 3.355140073800000209e+03
8.861799999999999755e-04 3.462032498200000191e+03
9.162099999999999845e-04 3.572123910299999807e+03
9.472699999999999480e-04 3.685597780000000057e+03
9.793799999999999641e-04 3.802487877800000206e+03
1.012600000000000002e-03 3.922970352899999853e+03
1.046899999999999914e-03 4.046892054299999927e+03
1.082400000000000072e-03 4.174638713399999688e+03
1.119100000000000043e-03 4.306158217999999579e+03
1.157000000000000042e-03 4.441396640699999807e+03
1.196199999999999911e-03 4.580652676499999870e+03
1.236799999999999922e-03 4.724216553600000225e+03
1.278700000000000019e-03 4.871667393800000355e+03
1.322000000000000041e-03 5.023287530999999944e+03
1.366800000000000046e-03 5.179349864300000263e+03
1.413200000000000090e-03 5.340117282399999567e+03
1.461099999999999899e-03 5.505154936199999611e+03
1.510599999999999964e-03 5.674716069699999935e+03
1.561799999999999907e-03 5.849042873499999587e+03
1.614699999999999946e-03 6.028028602499999579e+03
1.669399999999999920e-03 6.211898187599999801e+03
1.726000000000000104e-03 6.400864035800000238e+03
1.784500000000000062e-03 6.594795068399999764e+03
1.845000000000000069e-03 6.793884092999999666e+03
1.907599999999999964e-03 6.998309886500000175e+03
1.972199999999999908e-03 7.207591239999999743e+03
2.039099999999999854e-03 7.422533057999999983e+03
2.108200000000000178e-03 7.642634321200000159e+03
2.179599999999999854e-03 7.868028946299999916e+03
2.253499999999999861e-03 8.099145854100000179e+03
2.329900000000000200e-03 8.335768455999999787e+03
2.408899999999999843e-03 8.577979824399999416e+03
2.490500000000000092e-03 8.825543229999999312e+03
2.574900000000000192e-03 9.078813564000000042e+03
2.662199999999999983e-03 9.337818414600000324e+03
2.752500000000000172e-03 9.602565746599999329e+03
2.845700000000000052e-03 9.872467893600000025e+03
2.942199999999999850e-03 1.014836678700000084e+04
3.041900000000000159e-03 1.042963762300000053e+04
3.144999999999999792e-03 1.071649410399999942e+04
3.251599999999999890e-03 1.100884071299999960e+04
3.361900000000000131e-03 1.130682838799999990e+04
3.475799999999999810e-03 1.160977776500000073e+04
3.593600000000000180e-03 1.191805983700000070e+04
3.715400000000000213e-03 1.223147872300000017e+04
3.841400000000000023e-03 1.255006681700000081e+04
3.971599999999999610e-03 1.287332395999999972e+04
4.106199999999999954e-03 1.320122892399999910e+04
4.245399999999999868e-03 1.353371975799999927e+04
4.389299999999999626e-03 1.387046174500000052e+04
4.538000000000000367e-03 1.421109855699999935e+04
4.691800000000000311e-03 1.455569595900000058e+04
4.850900000000000004e-03 1.490404192700000021e+04
5.015300000000000313e-03 1.525546083800000088e+04
5.185300000000000326e-03 1.560989595000000008e+04
5.361000000000000314e-03 1.596682815699999992e+04
5.542799999999999637e-03 1.632630525300000045e+04
5.730599999999999757e-03 1.668734438600000067e+04
5.924900000000000305e-03 1.705009402699999919e+04
6.125700000000000416e-03 1.741370629900000131e+04
6.333300000000000041e-03 1.777785912499999904e+04
6.548000000000000001e-03 1.814217151599999852e+04
6.769899999999999703e-03 1.850588200000000143e+04
6.999400000000000240e-03 1.886868353099999877e+04
7.236700000000000424e-03 1.922989025499999843e+04
7.481899999999999662e-03 1.958864041500000167e+04
7.735500000000000188e-03 1.994461424600000100e+04
7.997699999999999948e-03 2.029699562800000058e+04
8.268799999999999761e-03 2.064506402399999934e+04
8.549100000000000449e-03 2.098804582700000174e+04
8.838900000000000229e-03 2.132511493400000109e+04
9.138500000000000789e-03 2.165539325599999938e+04
9.448200000000000348e-03 2.197795115000000078e+04
9.768499999999999406e-03 2.229199783000000025e+04
1.009999999999999960e-02 2.259673162500000035e+04
1.044199999999999989e-02 2.289015116299999863e+04
1.079600000000000004e-02 2.317213620799999990e+04
1.116200000000000005e-02 2.344116632100000061e+04
1.153999999999999991e-02 2.369574804999999833e+04
1.193100000000000063e-02 2.393499918999999863e+04
1.233599999999999974e-02 2.415782525000000169e+04
1.275399999999999971e-02 2.436200996500000110e+04
1.318599999999999980e-02 2.454642575399999987e+04
1.363299999999999929e-02 2.470976054999999906e+04
1.409499999999999989e-02 2.485026160499999969e+04
1.457299999999999915e-02 2.496648899099999835e+04
1.506700000000000053e-02 2.505673475400000098e+04
1.557700000000000057e-02 2.511945129900000029e+04
1.610500000000000126e-02 2.515335871899999984e+04
1.665099999999999913e-02 2.515700266399999964e+04
1.721599999999999867e-02 2.512915231000000131e+04
1.779899999999999885e-02 2.506897268899999835e+04
1.840299999999999922e-02 2.497552098800000022e+04
1.902600000000000124e-02 2.484885426000000007e+04
1.967100000000000098e-02 2.468854827600000135e+04
2.033799999999999844e-02 2.449512602699999843e+04
2.102700000000000055e-02 2.426967186399999991e+04
2.173999999999999891e-02 2.401305795900000157e+04
2.247700000000000045e-02 2.372723810800000138e+04
2.323899999999999924e-02 2.341421286600000167e+04
2.402699999999999975e-02 2.307628873899999962e+04
2.484099999999999850e-02 2.271645665999999983e+04
2.568300000000000097e-02 2.233698166100000162e+04
2.655300000000000021e-02 2.194107343799999944e+04
2.745300000000000171e-02 2.153100785600000017e+04
2.838399999999999951e-02 2.110940984499999831e+04
2.934600000000000056e-02 2.067918256599999950e+04
3.034099999999999991e-02 2.024210788300000058e+04
3.136900000000000105e-02 1.980059972299999936e+04
3.243200000000000249e-02 1.935593869700000141e+04
3.353199999999999931e-02 1.890919029900000169e+04
3.466799999999999743e-02 1.846238759900000150e+04
3.584299999999999986e-02 1.801574313899999834e+04
3.705800000000000066e-02 1.757010304900000119e+04
3.831400000000000083e-02 1.712615246000000116e+04
3.961300000000000238e-02 1.668411256599999979e+04
4.095599999999999935e-02 1.624447604099999990e+04
4.234399999999999969e-02 1.580765940600000067e+04
4.377899999999999847e-02 1.537372902099999919e+04
4.526299999999999768e-02 1.494276309500000025e+04
4.679699999999999832e-02 1.451513570099999924e+04
4.838400000000000339e-02 1.409068247700000029e+04
5.002399999999999902e-02 1.367007174699999996e+04
5.171900000000000108e-02 1.325344199699999990e+04
5.347199999999999870e-02 1.284073967799999991e+04
5.528500000000000081e-02 1.243220713400000022e+04
5.715800000000000047e-02 1.202853831800000080e+04
5.909600000000000269e-02 1.162937072900000021e+04
6.109900000000000053e-02 1.123543575299999975e+04
6.317000000000000393e-02 1.084685672399999930e+04
6.531099999999999406e-02 1.046397639100000015e+04
6.752500000000000169e-02 1.008697439300000042e+04
6.981300000000000006e-02 9.716376479299999119e+03
7.217999999999999416e-02 9.352067600399999719e+03
7.462599999999999789e-02 8.994724129500000345e+03
7.715600000000000236e-02 8.644267600699999093e+03
7.977099999999999469e-02 8.301194672300000093e+03
8.247500000000000664e-02 7.965582650600000306e+03
8.526999999999999857e-02 7.637759794999999940e+03
8.816100000000000325e-02 7.317696122399999695e+03
9.114899999999999392e-02 7.005804221499999585e+03
9.423800000000000232e-02 6.702144223899999815e+03
9.743300000000000571e-02 6.406690858199999639e+03
1.007300000000000001e-01 6.120197982100000445e+03
1.041500000000000065e-01 5.841271789800000079e+03
1.076799999999999979e-01 5.571374921700000414e+03
1.113299999999999984e-01 5.310028923500000019e+03
1.150999999999999940e-01 5.057507072499999595e+03
1.189999999999999947e-01 4.813394820800000161e+03
1.230399999999999966e-01 4.577364194300000236e+03
1.272099999999999898e-01 4.350211182799999733e+03
1.315199999999999980e-01 4.131521378999999797e+03
1.359799999999999898e-01 3.920951937599999837e+03
1.405899999999999928e-01 3.718642381399999977e+03
1.453500000000000070e-01 3.524659027600000172e+03
1.502799999999999969e-01 3.338275373500000114e+03
1.553700000000000081e-01 3.159934211700000105e+03
1.606400000000000050e-01 2.988972333100000014e+03
1.660800000000000054e-01 2.825729315500000212e+03
1.717100000000000015e-01 2.669595269999999800e+03
1.775299999999999934e-01 2.520571810200000073e+03
1.835499999999999909e-01 2.378379480500000227e+03
1.897699999999999942e-01 2.242972878800000217e+03
1.962000000000000133e-01 2.114067929299999832e+03
2.028600000000000125e-01 1.991226543600000014e+03
2.097299999999999998e-01 1.874736693699999933e+03
2.168400000000000050e-01 1.763989420899999914e+03
2.241900000000000004e-01 1.658909054400000059e+03
2.317899999999999960e-01 1.559258137499999975e+03
2.396500000000000019e-01 1.464811732599999914e+03
2.477699999999999902e-01 1.375460585099999889e+03
2.561700000000000088e-01 1.290875676999999996e+03
2.648499999999999743e-01 1.210948703400000113e+03
2.738300000000000178e-01 1.135386203799999976e+03
2.831099999999999728e-01 1.064078554799999893e+03
2.927000000000000157e-01 9.968280217200000379e+02
3.026200000000000001e-01 9.333832021199999645e+02
3.128799999999999915e-01 8.735768036900000197e+02
3.234899999999999998e-01 8.172451393699999471e+02
3.344500000000000250e-01 7.642742162700000108e+02
3.457899999999999863e-01 7.144112297399999534e+02
3.575099999999999945e-01 6.675541286100000207e+02
3.696300000000000141e-01 6.235194728699999587e+02
3.821599999999999997e-01 5.821720403399999668e+02
3.951100000000000168e-01 5.433791281600000502e+02
4.084999999999999742e-01 5.069850410099999749e+02
4.223500000000000032e-01 4.728469706899999778e+02
4.366599999999999926e-01 4.408756664300000239e+02
4.514599999999999724e-01 4.109175509600000282e+02
4.667700000000000182e-01 3.828541598499999736e+02
4.825900000000000190e-01 3.566066300800000022e+02
4.989399999999999946e-01 3.320625583199999937e+02
5.158599999999999852e-01 3.090916358599999967e+02
5.333400000000000363e-01 2.876388210900000217e+02
5.514200000000000212e-01 2.675877320800000234e+02
5.701100000000000056e-01 2.488650486999999885e+02
5.894300000000000095e-01 2.313897194900000045e+02
6.094100000000000072e-01 2.150776683299999945e+02
6.300700000000000189e-01 1.998592050100000108e+02
6.514199999999999990e-01 1.856745517399999983e+02
6.734999999999999876e-01 1.724477851999999984e+02
6.963300000000000045e-01 1.601213087499999972e+02
7.199299999999999589e-01 1.486402518799999939e+02
7.443400000000000016e-01 1.379440721900000142e+02
7.695699999999999763e-01 1.279893393499999945e+02
7.956499999999999684e-01 1.187263987799999967e+02
8.226200000000000179e-01 1.101061493800000051e+02
8.505000000000000338e-01 1.020893759399999965e+02
8.793299999999999450e-01 9.463358268700000053e+01
9.091299999999999937e-01 8.770432104600000400e+01
9.399499999999999522e-01 8.126258096399999431e+01
9.718099999999999516e-01 7.527853729000000271e+01
1.004699999999999926e+00 6.972826571699999931e+01
1.038799999999999946e+00 6.455977629199999512e+01
1.074000000000000066e+00 5.976937843200000344e+01
1.110400000000000054e+00 5.532230218299999791e+01
1.148099999999999898e+00 5.118890498300000047e+01
1.187000000000000055e+00 4.736233806599999951e+01
1.227200000000000069e+00 4.381473517700000286e+01
1.268799999999999928e+00 4.052213133899999775e+01
1.311800000000000077e+00 3.747047221300000075e+01
1.356300000000000061e+00 3.463950884199999791e+01
1.402199999999999891e+00 3.202235162600000251e+01
1.449799999999999978e+00 2.959039196899999880e+01
1.498899999999999899e+00 2.734314130499999962e+01
1.549700000000000077e+00 2.526056589699999932e+01
1.602200000000000069e+00 2.333319802500000151e+01
1.656600000000000072e+00 2.154531124500000061e+01
1.712699999999999889e+00 1.989502517600000076e+01
1.770799999999999930e+00 1.836548095099999856e+01
1.830799999999999983e+00 1.695220559299999863e+01
1.892800000000000038e+00 1.564569692499999931e+01
1.957000000000000073e+00 1.443567814100000035e+01
2.023299999999999876e+00 1.331826503399999950e+01
2.091899999999999871e+00 1.228456500000000062e+01
2.162799999999999834e+00 1.132958334399999956e+01
2.236099999999999977e+00 1.044719391699999989e+01
2.311900000000000066e+00 9.631834053300000420e+00
2.390299999999999869e+00 8.878432120699999430e+00
2.471299999999999830e+00 8.183158100200000007e+00
2.555000000000000160e+00 7.541490709399999659e+00
2.641700000000000159e+00 6.948008086099999758e+00
2.731199999999999850e+00 6.401077454800000233e+00
2.823799999999999866e+00 5.895966556000000303e+00
2.919500000000000206e+00 5.430088590199999565e+00
3.018400000000000194e+00 5.000464769899999773e+00
3.120699999999999807e+00 4.603980507600000216e+00
3.226500000000000146e+00 4.238214852599999638e+00
3.335900000000000087e+00 3.900912184900000135e+00
3.448999999999999844e+00 3.589970588199999924e+00
3.565900000000000070e+00 3.303431452699999937e+00
3.686700000000000088e+00 3.039470085100000052e+00
3.811700000000000088e+00 2.796019484699999946e+00
3.940900000000000070e+00 2.571781630899999893e+00
4.074499999999999567e+00 2.365179401499999834e+00
4.212600000000000122e+00 2.174922967600000145e+00
4.355400000000000382e+00 1.999685359799999951e+00
4.503000000000000114e+00 1.838369402899999949e+00
4.655599999999999739e+00 1.689850996799999949e+00
4.813399999999999679e+00 1.553109676999999911e+00
4.976600000000000357e+00 1.427215784099999940e+00
5.145199999999999996e+00 1.311449238300000042e+00
5.319600000000000328e+00 1.204873417800000013e+00
5.499900000000000233e+00 1.106829086200000090e+00
5.686399999999999899e+00 1.016599381400000057e+00
5.879100000000000215e+00 9.336638720000000058e-01
6.078400000000000247e+00 8.573677209000000188e-01
6.284399999999999764e+00 7.872321185999999749e-01
6.497399999999999842e+00 7.227448815200000487e-01
6.717699999999999783e+00 6.634437517500000325e-01
6.945299999999999585e+00 6.089774769400000398e-01
7.180799999999999628e+00 5.588822719199999511e-01
7.424100000000000144e+00 5.128841118000000421e-01
7.675799999999999734e+00 4.705954727000000171e-01
7.935999999999999943e+00 4.317515435500000054e-01
8.205000000000000071e+00 3.960739866699999889e-01
8.483100000000000307e+00 3.633081410299999758e-01
8.770599999999999952e+00 3.332205541000000104e-01
9.067899999999999849e+00 3.055881100100000247e-01
9.375199999999999534e+00 2.802244369999999929e-01
9.692999999999999616e+00 2.569339954500000078e-01
